%YAML:1.0
---
K: !!opencv-matrix
   rows: 3
   cols: 3
   dt: d
   data: [ 9.6693751468879407e+02, 0., 6.0076429283543996e+02, 0.,
       9.7068660806665616e+02, 3.5917373148767342e+02, 0., 0., 1. ]
D: !!opencv-matrix
   rows: 1
   cols: 5
   dt: d
   data: [ -3.6216178802116379e-04, 4.5860079670228676e-01,
       4.9923682506148228e-03, -7.9082810705114245e-03,
       -1.8699441872810407e+00 ]
